solver                  2
model_size
-0.6	-0.6	-1.8
1.8	0.6	0.6
num_freq                1
100000000.0
num_rec                 48
0.1 0.0 -0.00075
0.11915 0.0 -0.00075
0.1383 0.0 -0.00075
0.15745 0.0 -0.00075
0.1766 0.0 -0.00075
0.19574 0.0 -0.00075
0.21489 0.0 -0.00075
0.23404 0.0 -0.00075
0.25319 0.0 -0.00075
0.27234 0.0 -0.00075
0.29149 0.0 -0.00075
0.31064 0.0 -0.00075
0.32979 0.0 -0.00075
0.34894 0.0 -0.00075
0.36809 0.0 -0.00075
0.38723 0.0 -0.00075
0.40638 0.0 -0.00075
0.42553 0.0 -0.00075
0.44468 0.0 -0.00075
0.46383 0.0 -0.00075
0.48298 0.0 -0.00075
0.50213 0.0 -0.00075
0.52128 0.0 -0.00075
0.54043 0.0 -0.00075
0.55957 0.0 -0.00075
0.57872 0.0 -0.00075
0.59787 0.0 -0.00075
0.61702 0.0 -0.00075
0.63617 0.0 -0.00075
0.65532 0.0 -0.00075
0.67447 0.0 -0.00075
0.69362 0.0 -0.00075
0.71277 0.0 -0.00075
0.73191 0.0 -0.00075
0.75106 0.0 -0.00075
0.77021 0.0 -0.00075
0.78936 0.0 -0.00075
0.80851 0.0 -0.00075
0.82766 0.0 -0.00075
0.84681 0.0 -0.00075
0.86596 0.0 -0.00075
0.88511 0.0 -0.00075
0.90426 0.0 -0.00075
0.9234 0.0 -0.00075
0.94255 0.0 -0.00075
0.9617 0.0 -0.00075
0.98085 0.0 -0.00075
1.0 0.0 -0.00075
output_E_file           out_TL_l20_BA_l10d_l10PML/electric_fields
output_H_file           out_TL_l20_BA_l10d_l10PML/magnetic_fields
source_type             6
-0.0015 0.0 0.025
0.0015 0.0 0.025
current_direction       1
source_moment           1
PEC_present             0
num_PEC                 0
model_file_name         in/GPR_model_TL_l20_BA_l10d_l10PML.
maxRefSteps             0
maxUnknowns             5000000
betaRef                 0.85
accuracyTol             0.000030
vtkRef                  0
errorEst_method         3
refStrategy             1
output_fields_vtk       1
PML_present             1
PML_thickness           0.3
PML_decay_type          1
