 1.00000000E+00   1.83637355E-07  -3.34346831E-11   2.08621989E-06   4.37013356E-10   6.21118536E-08  -3.15272807E-11
 1.00000000E+00   7.68867584E-08  -3.72803840E-11   1.60946316E-06   4.29153099E-10   2.42606078E-08  -3.18941714E-11
 1.00000000E+00   4.09015910E-08  -3.95223328E-11   1.28165570E-06   4.21894671E-10   1.06965636E-08  -3.24575953E-11
 1.00000000E+00   3.52220814E-08  -4.01810195E-11   1.06297593E-06   4.16915793E-10  -4.26673004E-10  -3.32608928E-11
 1.00000000E+00   2.97554370E-08  -4.15184675E-11   8.84468345E-07   4.11174383E-10  -1.10183397E-08  -3.46070168E-11
 1.00000000E+00   1.95252166E-08  -4.29914343E-11   7.60282224E-07   4.07698523E-10  -1.22371671E-08  -3.45862049E-11
 1.00000000E+00   6.25784153E-09  -4.53962043E-11   6.49062859E-07   4.02460836E-10  -1.44532413E-08  -3.53885369E-11
 1.00000000E+00   1.16274423E-11  -4.68640888E-11   5.68126121E-07   3.98378319E-10  -9.79284955E-09  -3.48846522E-11
 1.00000000E+00  -2.61534536E-09  -4.82841005E-11   4.97352217E-07   3.93509777E-10  -1.14541993E-08  -3.56418202E-11
 1.00000000E+00  -3.62580094E-09  -5.02423083E-11   4.39558361E-07   3.89638865E-10  -9.88761177E-09  -3.55121211E-11
 1.00000000E+00  -6.45235407E-10  -5.14561092E-11   3.90811410E-07   3.86213721E-10  -7.92499916E-09  -3.51470542E-11
 1.00000000E+00   7.51084920E-11  -5.32381841E-11   3.51090849E-07   3.83036442E-10  -6.96583075E-09  -3.49786277E-11
 1.00000000E+00  -4.60293819E-10  -5.50792485E-11   3.14680492E-07   3.79692293E-10  -7.19920467E-09  -3.47013142E-11
 1.00000000E+00  -3.50003533E-09  -5.76416097E-11   2.85514360E-07   3.76728229E-10  -7.73105189E-09  -3.44596437E-11
 1.00000000E+00  -2.33755339E-09  -5.94625327E-11   2.61933209E-07   3.74550942E-10  -6.16662833E-09  -3.32546170E-11
 1.00000000E+00  -3.50095296E-09  -6.12064535E-11   2.41156068E-07   3.71956780E-10  -7.46098630E-09  -3.33633835E-11
 1.00000000E+00  -3.57213589E-09  -6.35279121E-11   2.22465449E-07   3.70169656E-10  -7.14377999E-09  -3.26757987E-11
 1.00000000E+00  -4.13854776E-09  -6.59327926E-11   2.05219400E-07   3.66908439E-10  -6.52833108E-09  -3.17228484E-11
 1.00000000E+00  -3.53359137E-09  -6.78358134E-11   1.90559066E-07   3.64761860E-10  -6.62915439E-09  -3.11280457E-11
 1.00000000E+00  -4.34292084E-09  -7.06996794E-11   1.76971208E-07   3.61953182E-10  -6.49685874E-09  -3.00248795E-11
 1.00000000E+00  -5.32576498E-09  -7.37921246E-11   1.66197974E-07   3.60270929E-10  -6.40333510E-09  -2.87682253E-11
 1.00000000E+00  -5.73319602E-09  -7.64409687E-11   1.54946144E-07   3.57301609E-10  -5.95138285E-09  -2.69689054E-11
 1.00000000E+00  -6.99852557E-09  -7.91795006E-11   1.45348298E-07   3.54704503E-10  -5.43874575E-09  -2.47539035E-11
 1.00000000E+00  -8.31736603E-09  -8.24577194E-11   1.37495874E-07   3.53090335E-10  -5.01723702E-09  -2.23055787E-11
 1.00000000E+00  -9.27016753E-09  -8.53383761E-11   1.29045491E-07   3.50223221E-10  -4.71287862E-09  -2.00554500E-11
 1.00000000E+00  -1.04018236E-08  -8.88938146E-11   1.21594779E-07   3.47372573E-10  -4.13838226E-09  -1.68070125E-11
 1.00000000E+00  -1.16626582E-08  -9.18128752E-11   1.15376725E-07   3.45066898E-10  -3.43295780E-09  -1.29782616E-11
 1.00000000E+00  -1.24261404E-08  -9.47067681E-11   1.08714807E-07   3.42216717E-10  -2.31488627E-09  -8.65318905E-12
 1.00000000E+00  -1.32869423E-08  -9.71725164E-11   1.02863284E-07   3.39298006E-10  -1.52388428E-09  -4.39175249E-12
 1.00000000E+00  -1.38936176E-08  -9.89787992E-11   9.72869068E-08   3.36477447E-10  -2.03781710E-10   1.11703863E-12
 1.00000000E+00  -1.46338597E-08  -1.00402487E-10   9.21819435E-08   3.33350976E-10   1.06510531E-09   6.86752032E-12
 1.00000000E+00  -1.47131435E-08  -1.00290115E-10   8.76020471E-08   3.29987956E-10   2.59822188E-09   1.27948129E-11
 1.00000000E+00  -1.47175413E-08  -9.98928671E-11   8.34594939E-08   3.26868992E-10   3.77028098E-09   1.80012360E-11
 1.00000000E+00  -1.39773278E-08  -9.81390495E-11   7.91650716E-08   3.23083804E-10   4.83316648E-09   2.29639068E-11
 1.00000000E+00  -1.33579773E-08  -9.62506369E-11   7.50195691E-08   3.19191803E-10   5.95992427E-09   2.80291588E-11
 1.00000000E+00  -1.28166649E-08  -9.41510163E-11   7.09631943E-08   3.15100128E-10   7.12860921E-09   3.29020496E-11
 1.00000000E+00  -1.19727295E-08  -9.11722675E-11   6.71888657E-08   3.11265330E-10   7.96273152E-09   3.69838987E-11
 1.00000000E+00  -1.10818796E-08  -8.79872143E-11   6.39073956E-08   3.07664180E-10   8.63567079E-09   4.03632748E-11
 1.00000000E+00  -1.02353778E-08  -8.46924665E-11   6.06788103E-08   3.04099797E-10   9.28752547E-09   4.36895851E-11
 1.00000000E+00  -9.51655916E-09  -8.16290113E-11   5.77435290E-08   3.00626688E-10   9.80418644E-09   4.63609652E-11
 1.00000000E+00  -8.72683780E-09  -7.81970352E-11   5.47800392E-08   2.97109297E-10   1.01002916E-08   4.84705631E-11
 1.00000000E+00  -8.02127521E-09  -7.48538036E-11   5.21189215E-08   2.93840667E-10   1.04086603E-08   5.02797307E-11
 1.00000000E+00  -7.04611156E-09  -7.10801569E-11   4.97292145E-08   2.90803289E-10   1.06700199E-08   5.17110737E-11
 1.00000000E+00  -6.20342785E-09  -6.77320320E-11   4.74022857E-08   2.87659700E-10   1.06792135E-08   5.24142993E-11
 1.00000000E+00  -5.25775091E-09  -6.41645117E-11   4.53359291E-08   2.84859450E-10   1.06710039E-08   5.29822180E-11
 1.00000000E+00  -4.71334866E-09  -6.14923305E-11   4.34308059E-08   2.82536372E-10   1.05751892E-08   5.31097438E-11
 1.00000000E+00  -4.02013756E-09  -5.83055865E-11   4.14762023E-08   2.79879245E-10   1.04511483E-08   5.32080934E-11
 1.00000000E+00  -3.52008044E-09  -5.59319464E-11   3.97846917E-08   2.77574678E-10   1.02053346E-08   5.28101843E-11
 1.00000000E+00  -2.96923535E-09  -5.33822106E-11   3.82207824E-08   2.75400204E-10   1.00195450E-08   5.26795189E-11
 1.00000000E+00  -2.49921866E-09  -5.11674413E-11   3.67611615E-08   2.73369346E-10   9.84230697E-09   5.24083906E-11
 1.00000000E+00  -2.10848784E-09  -4.90230943E-11   3.53543185E-08   2.71686842E-10   9.59073070E-09   5.18006558E-11
 1.00000000E+00  -1.74902513E-09  -4.70937282E-11   3.41227445E-08   2.70024154E-10   9.37114238E-09   5.13424850E-11
 1.00000000E+00  -1.37259006E-09  -4.52333477E-11   3.28732918E-08   2.68342284E-10   9.09083589E-09   5.06287730E-11
 1.00000000E+00  -1.11924300E-09  -4.37786440E-11   3.17834198E-08   2.66978715E-10   8.80359361E-09   4.98842840E-11
 1.00000000E+00  -8.16718116E-10  -4.21554990E-11   3.06775892E-08   2.65390960E-10   8.59182053E-09   4.92908474E-11
 1.00000000E+00  -6.03813345E-10  -4.07348038E-11   2.96637876E-08   2.64064208E-10   8.36090385E-09   4.87759776E-11
 1.00000000E+00  -4.04793870E-10  -3.94343221E-11   2.87236934E-08   2.62743579E-10   8.13778929E-09   4.81293789E-11
 1.00000000E+00  -1.34412949E-10  -3.79930332E-11   2.77893476E-08   2.61314686E-10   7.87504936E-09   4.74091757E-11
 1.00000000E+00   6.98533386E-12  -3.71078098E-11   2.69534167E-08   2.60318279E-10   7.62542066E-09   4.67166344E-11
 1.00000000E+00   2.07737151E-10  -3.58007349E-11   2.60116085E-08   2.58615584E-10   7.40537461E-09   4.61400463E-11
 1.00000000E+00   3.51976795E-10  -3.48499901E-11   2.52361942E-08   2.57544787E-10   7.13996808E-09   4.53821169E-11
 1.00000000E+00   4.47359150E-10  -3.40711752E-11   2.45367110E-08   2.56577620E-10   6.90282169E-09   4.47264327E-11
 1.00000000E+00   5.77781146E-10  -3.31213921E-11   2.38643633E-08   2.55510868E-10   6.66922470E-09   4.39895603E-11
 1.00000000E+00   6.99726785E-10  -3.22156173E-11   2.32246658E-08   2.54610675E-10   6.44280837E-09   4.32791279E-11
 1.00000000E+00   8.12292355E-10  -3.13734174E-11   2.26413735E-08   2.53708414E-10   6.22134314E-09   4.26454939E-11
 1.00000000E+00   9.06926520E-10  -3.05875942E-11   2.20388265E-08   2.52909753E-10   5.99011212E-09   4.20018981E-11
 1.00000000E+00   9.88037735E-10  -2.97893515E-11   2.14495183E-08   2.51968988E-10   5.78767512E-09   4.13464619E-11
 1.00000000E+00   1.03071778E-09  -2.90971477E-11   2.08676351E-08   2.50919200E-10   5.58578420E-09   4.07243775E-11
 1.00000000E+00   1.08467091E-09  -2.84617980E-11   2.03163767E-08   2.49961632E-10   5.38973514E-09   4.00113578E-11
 1.00000000E+00   1.15720161E-09  -2.77395439E-11   1.97847894E-08   2.49000265E-10   5.19016565E-09   3.93880417E-11
 1.00000000E+00   1.18540037E-09  -2.72851112E-11   1.93191718E-08   2.48228178E-10   5.03637003E-09   3.89521495E-11
 1.00000000E+00   1.24404374E-09  -2.65640954E-11   1.88524438E-08   2.47380200E-10   4.87262448E-09   3.83339463E-11
 1.00000000E+00   1.27890801E-09  -2.60670179E-11   1.84285004E-08   2.46644712E-10   4.70682701E-09   3.77523589E-11
 1.00000000E+01   1.83731890E-07  -1.39752328E-10   2.08560561E-06   3.16201296E-09   6.21379997E-08  -2.76289964E-10
 1.00000000E+01   7.69825334E-08  -1.77336641E-10   1.60884844E-06   3.08343877E-09   2.42862940E-08  -2.80922828E-10
 1.00000000E+01   4.09984511E-08  -1.99255366E-10   1.28104089E-06   3.01038845E-09   1.07220029E-08  -2.86781793E-10
 1.00000000E+01   3.53197564E-08  -2.05566224E-10   1.06236048E-06   2.95962824E-09  -4.01409474E-10  -2.95227531E-10
 1.00000000E+01   2.98541412E-08  -2.18353806E-10   8.83852553E-07   2.90199429E-09  -1.09930779E-08  -3.08987862E-10
 1.00000000E+01   1.96248862E-08  -2.32650847E-10   7.59665303E-07   2.86620017E-09  -1.22124673E-08  -3.09556629E-10
 1.00000000E+01   6.35873742E-09  -2.56044119E-10   6.48445529E-07   2.81320148E-09  -1.44286782E-08  -3.17820208E-10
 1.00000000E+01   1.13420871E-10  -2.70419279E-10   5.67508191E-07   2.77192780E-09  -9.76893087E-09  -3.13639167E-10
 1.00000000E+01  -2.51263711E-09  -2.84239209E-10   4.96734189E-07   2.72288305E-09  -1.14304474E-08  -3.21595417E-10
 1.00000000E+01  -3.52168338E-09  -3.03111862E-10   4.38939831E-07   2.68364408E-09  -9.86440231E-09  -3.20944594E-10
 1.00000000E+01  -5.40059490E-10  -3.14793032E-10   3.90192310E-07   2.64879164E-09  -7.90253530E-09  -3.18066352E-10
 1.00000000E+01   1.81613666E-10  -3.31969105E-10   3.50471298E-07   2.61652038E-09  -6.94404779E-09  -3.17182548E-10
 1.00000000E+01  -3.52505207E-10  -3.49801180E-10   3.14060614E-07   2.58262104E-09  -7.17825467E-09  -3.15361950E-10
 1.00000000E+01  -3.39060719E-09  -3.74559321E-10   2.84894185E-07   2.55253150E-09  -7.71094988E-09  -3.13831031E-10
 1.00000000E+01  -2.22665920E-09  -3.92000837E-10   2.61312419E-07   2.53016306E-09  -6.14789059E-09  -3.02955665E-10
 1.00000000E+01  -3.38895132E-09  -4.09040491E-10   2.40535089E-07   2.50383399E-09  -7.44280454E-09  -3.04691979E-10
 1.00000000E+01  -3.45839122E-09  -4.31404398E-10   2.21843553E-07   2.48506841E-09  -7.12669263E-09  -2.98813181E-10
 1.00000000E+01  -4.02299162E-09  -4.54521417E-10   2.04598005E-07   2.45265486E-09  -6.51245265E-09  -2.90363545E-10
 1.00000000E+01  -3.41653219E-09  -4.72878187E-10   1.89937293E-07   2.43067146E-09  -6.61429180E-09  -2.85321389E-10
 1.00000000E+01  -4.22367761E-09  -5.00317354E-10   1.76349724E-07   2.40256589E-09  -6.48347417E-09  -2.75508871E-10
 1.00000000E+01  -5.20420001E-09  -5.30009776E-10   1.65575995E-07   2.38512212E-09  -6.39152537E-09  -2.64219414E-10
 1.00000000E+01  -5.60965472E-09  -5.55524086E-10   1.54324678E-07   2.35560675E-09  -5.94161441E-09  -2.47855704E-10
 1.00000000E+01  -6.87314679E-09  -5.82074567E-10   1.44727154E-07   2.32955898E-09  -5.43127442E-09  -2.27479861E-10
 1.00000000E+01  -8.18955927E-09  -6.13567604E-10   1.36874358E-07   2.31284759E-09  -5.01231986E-09  -2.04861321E-10
 1.00000000E+01  -9.14028938E-09  -6.41387950E-10   1.28424668E-07   2.28438916E-09  -4.71035318E-09  -1.84142022E-10
 1.00000000E+01  -1.02693829E-08  -6.75648178E-10   1.20974765E-07   2.25616343E-09  -4.13903921E-09  -1.53923368E-10
 1.00000000E+01  -1.15282786E-08  -7.03979530E-10   1.14757169E-07   2.23313379E-09  -3.43726299E-09  -1.18180095E-10
 1.00000000E+01  -1.22898134E-08  -7.32098853E-10   1.08096100E-07   2.20489776E-09  -2.32313062E-09  -7.75773134E-11
 1.00000000E+01  -1.31491419E-08  -7.56272307E-10   1.02245687E-07   2.17620266E-09  -1.53600661E-09  -3.74977714E-11
 1.00000000E+01  -1.37548742E-08  -7.74202580E-10   9.66702885E-08   2.14833188E-09  -2.20768705E-10   1.43828216E-11
 1.00000000E+01  -1.44946690E-08  -7.88708772E-10   9.15666771E-08   2.11764140E-09   1.04305762E-09   6.86063696E-11
 1.00000000E+01  -1.45746884E-08  -7.88589124E-10   8.69884272E-08   2.08479079E-09   2.57103897E-09   1.24603180E-10
 1.00000000E+01  -1.45800056E-08  -7.85676533E-10   8.28474678E-08   2.05437160E-09   3.73874960E-09   1.74016943E-10
 1.00000000E+01  -1.38417789E-08  -7.69850524E-10   7.85550498E-08   2.01751235E-09   4.79757170E-09   2.21273823E-10
 1.00000000E+01  -1.32245417E-08  -7.52739402E-10   7.44117493E-08   1.97971650E-09   5.92023058E-09   2.69566744E-10
 1.00000000E+01  -1.26854513E-08  -7.33502003E-10   7.03578836E-08   1.94020285E-09   7.08502797E-09   3.16059265E-10
 1.00000000E+01  -1.18444667E-08  -7.05890793E-10   6.65858191E-08   1.90302914E-09   7.91582912E-09   3.54979732E-10
 1.00000000E+01  -1.09565035E-08  -6.76067266E-10   6.33061815E-08   1.86780517E-09   8.58616534E-09   3.87375989E-10
 1.00000000E+01  -1.01128798E-08  -6.45044104E-10   6.00798416E-08   1.83337704E-09   9.23539859E-09   4.19225431E-10
 1.00000000E+01  -9.39673785E-09  -6.16183311E-10   5.71465358E-08   1.79958035E-09   9.75003887E-09   4.44903943E-10
 1.00000000E+01  -8.60998668E-09  -5.83785987E-10   5.41851842E-08   1.76550535E-09   1.00444088E-08   4.65052816E-10
 1.00000000E+01  -7.90709274E-09  -5.51961499E-10   5.15258132E-08   1.73356861E-09   1.03511847E-08   4.82221966E-10
 1.00000000E+01  -6.93534202E-09  -5.16466789E-10   4.91376408E-08   1.70376394E-09   1.06113784E-08   4.95904852E-10
 1.00000000E+01  -6.09549154E-09  -4.84764675E-10   4.68129350E-08   1.67360902E-09   1.06200780E-08   5.02776390E-10
 1.00000000E+01  -5.15275268E-09  -4.50881913E-10   4.47480346E-08   1.64618713E-09   1.06113407E-08   5.08161215E-10
 1.00000000E+01  -4.61066680E-09  -4.25611394E-10   4.28441871E-08   1.62351723E-09   1.05155554E-08   5.09567940E-10
 1.00000000E+01  -3.92016913E-09  -3.95403008E-10   4.08910508E-08   1.59757079E-09   1.03913035E-08   5.10390332E-10
 1.00000000E+01  -3.42187686E-09  -3.72620687E-10   3.92009599E-08   1.57522865E-09   1.01457425E-08   5.06547611E-10
 1.00000000E+01  -2.87319614E-09  -3.48474594E-10   3.76384765E-08   1.55426027E-09   9.95990227E-09   5.05150555E-10
 1.00000000E+01  -2.40492586E-09  -3.27326771E-10   3.61801553E-08   1.53462751E-09   9.78270249E-09   5.02383149E-10
 1.00000000E+01  -2.01604081E-09  -3.07031191E-10   3.47739621E-08   1.51789646E-09   9.53151849E-09   4.96494280E-10
 1.00000000E+01  -1.65829635E-09  -2.88840897E-10   3.35433808E-08   1.50173895E-09   9.31212652E-09   4.91923594E-10
 1.00000000E+01  -1.28337588E-09  -2.71118035E-10   3.22946787E-08   1.48510037E-09   9.03224455E-09   4.84931001E-10
 1.00000000E+01  -1.03115075E-09  -2.57200441E-10   3.12055093E-08   1.47171632E-09   8.74546663E-09   4.77665669E-10
 1.00000000E+01  -7.29888945E-10  -2.41680170E-10   3.01007735E-08   1.45641640E-09   8.53396954E-09   4.71779946E-10
 1.00000000E+01  -5.18200318E-10  -2.28206390E-10   2.90875904E-08   1.44330484E-09   8.30321159E-09   4.66572998E-10
 1.00000000E+01  -3.20247780E-10  -2.15819852E-10   2.81482709E-08   1.43041460E-09   8.08049118E-09   4.60264125E-10
 1.00000000E+01  -5.10393114E-11  -2.02078568E-10   2.72149076E-08   1.41661995E-09   7.81804498E-09   4.53069615E-10
 1.00000000E+01   8.98900241E-11  -1.93365507E-10   2.63791904E-08   1.40647130E-09   7.56873901E-09   4.46186328E-10
 1.00000000E+01   2.89301071E-10  -1.81217163E-10   2.54389976E-08   1.39052740E-09   7.34892375E-09   4.40440115E-10
 1.00000000E+01   4.32902821E-10  -1.72010030E-10   2.46640842E-08   1.37988981E-09   7.08386068E-09   4.32907438E-10
 1.00000000E+01   5.27741533E-10  -1.64484914E-10   2.39649731E-08   1.37022367E-09   6.84698588E-09   4.26353519E-10
 1.00000000E+01   6.57246659E-10  -1.55598053E-10   2.32935004E-08   1.36006984E-09   6.61383976E-09   4.19174435E-10
 1.00000000E+01   7.78429597E-10  -1.46993366E-10   2.26541678E-08   1.35106080E-09   6.38771758E-09   4.12083221E-10
 1.00000000E+01   8.90210810E-10  -1.39066069E-10   2.20715387E-08   1.34236974E-09   6.16643458E-09   4.05648042E-10
 1.00000000E+01   9.84083226E-10  -1.31704987E-10   2.14691763E-08   1.33420679E-09   5.93533929E-09   3.99049733E-10
 1.00000000E+01   1.06424484E-09  -1.24422333E-10   2.08805100E-08   1.32505781E-09   5.73320904E-09   3.92534052E-10
 1.00000000E+01   1.10612228E-09  -1.18081345E-10   2.02995554E-08   1.31510247E-09   5.53153022E-09   3.86246501E-10
 1.00000000E+01   1.15951255E-09  -1.12048802E-10   1.97491150E-08   1.30597245E-09   5.33594149E-09   3.79295325E-10
 1.00000000E+01   1.23122572E-09  -1.05390385E-10   1.92183179E-08   1.29675025E-09   5.13659321E-09   3.72986107E-10
 1.00000000E+01   1.25899334E-09  -1.01115512E-10   1.87532136E-08   1.28920146E-09   4.98267668E-09   3.68243434E-10
 1.00000000E+01   1.31668194E-09  -9.46193899E-11   1.82871184E-08   1.28097812E-09   4.81929052E-09   3.62147502E-10
 1.00000000E+01   1.35097055E-09  -9.00377437E-11   1.78636290E-08   1.27372666E-09   4.65375316E-09   3.56321322E-10
 1.00000000E+02   1.84438535E-07   8.57374424E-11   2.07955051E-06   2.17638692E-08   6.32584670E-08  -1.85340575E-09
 1.00000000E+02   7.77374331E-08  -2.55150198E-10   1.60278765E-06   2.09668920E-08   2.54074242E-08  -1.90908050E-09
 1.00000000E+02   4.17968275E-08  -4.42606180E-10   1.27498338E-06   2.02330049E-08   1.18493395E-08  -1.97199068E-09
 1.00000000E+02   3.61537814E-08  -4.79756904E-10   1.05629049E-06   1.97088456E-08   7.34829849E-10  -2.05895984E-09
 1.00000000E+02   3.07310535E-08  -5.76574313E-10   8.77780589E-07   1.91234697E-08  -9.84276415E-09  -2.19474319E-09
 1.00000000E+02   2.05437855E-08  -6.89672793E-10   7.53568591E-07   1.87375936E-08  -1.10644644E-08  -2.21218353E-09
 1.00000000E+02   7.32965949E-09  -8.87421710E-10   6.42345806E-07   1.81962316E-08  -1.32713980E-08  -2.29640938E-09
 1.00000000E+02   1.12683304E-09  -1.00245906E-09   5.61399359E-07   1.77678009E-08  -8.61763898E-09  -2.26829225E-09
 1.00000000E+02  -1.45538104E-09  -1.11117215E-09   4.90631619E-07   1.72734175E-08  -1.02710818E-08  -2.35027083E-09
 1.00000000E+02  -2.40898069E-09  -1.25908338E-09   4.32831569E-07   1.68673761E-08  -8.70986060E-09  -2.35569546E-09
 1.00000000E+02   6.20987346E-10  -1.34218490E-09   3.84077305E-07   1.65042513E-08  -6.75629884E-09  -2.34309510E-09
 1.00000000E+02   1.39898759E-09  -1.47408099E-09   3.44352543E-07   1.61695828E-08  -5.80526433E-09  -2.34929319E-09
 1.00000000E+02   9.20625514E-10  -1.61303839E-09   3.07943420E-07   1.58219508E-08  -6.05256672E-09  -2.35048678E-09
 1.00000000E+02  -2.05049118E-09  -1.81257672E-09   2.78779295E-07   1.55134121E-08  -6.59752631E-09  -2.35438219E-09
 1.00000000E+02  -8.26037560E-10  -1.94311500E-09   2.55189406E-07   1.52741568E-08  -5.06434702E-09  -2.27780272E-09
 1.00000000E+02  -1.93454210E-09  -2.07698280E-09   2.34417658E-07   1.50061070E-08  -6.36631002E-09  -2.30814135E-09
 1.00000000E+02  -1.93008372E-09  -2.24723868E-09   2.15711728E-07   1.47958011E-08  -6.07294396E-09  -2.27552887E-09
 1.00000000E+02  -2.42081822E-09  -2.42435990E-09   1.98489739E-07   1.44832279E-08  -5.48744946E-09  -2.22098192E-09
 1.00000000E+02  -1.74753666E-09  -2.56026045E-09   1.83830078E-07   1.42544643E-08  -5.61161668E-09  -2.19538723E-09
 1.00000000E+02  -2.46882891E-09  -2.77051523E-09   1.70261653E-07   1.39803822E-08  -5.51886572E-09  -2.13474556E-09
 1.00000000E+02  -3.35654211E-09  -2.99842407E-09   1.59486288E-07   1.37947698E-08  -5.46931923E-09  -2.06244464E-09
 1.00000000E+02  -3.67851840E-09  -3.19266385E-09   1.48261244E-07   1.35127562E-08  -5.07336599E-09  -1.95011754E-09
 1.00000000E+02  -4.85893564E-09  -3.39964269E-09   1.38686774E-07   1.32620479E-08  -4.63072453E-09  -1.80664855E-09
 1.00000000E+02  -6.07772910E-09  -3.64206159E-09   1.30836646E-07   1.30876737E-08  -4.28807658E-09  -1.64780338E-09
 1.00000000E+02  -6.93935476E-09  -3.85611208E-09   1.22418677E-07   1.28218880E-08  -4.05723050E-09  -1.50359266E-09
 1.00000000E+02  -7.96124441E-09  -4.12061294E-09   1.15004950E-07   1.25625060E-08  -3.58552649E-09  -1.28668953E-09
 1.00000000E+02  -9.13159641E-09  -4.34232404E-09   1.08814691E-07   1.23475524E-08  -3.00061354E-09  -1.02783471E-09
 1.00000000E+02  -9.80053275E-09  -4.56008395E-09   1.02192304E-07   1.20904221E-08  -2.01708453E-09  -7.29774295E-10
 1.00000000E+02  -1.05817387E-08  -4.75118047E-09   9.63874739E-08   1.18357563E-08  -1.36263149E-09  -4.36646627E-10
 1.00000000E+02  -1.11270329E-08  -4.89434305E-09   9.08569222E-08   1.15874317E-08  -2.13610955E-10  -5.24256332E-11
 1.00000000E+02  -1.18170379E-08  -5.01458196E-09   8.58104150E-08   1.13211759E-08   8.74904330E-10   3.48926632E-10
 1.00000000E+02  -1.18899822E-08  -5.02201684E-09   8.12987596E-08   1.10411613E-08   2.22240032E-09   7.64826671E-10
 1.00000000E+02  -1.18974377E-08  -5.00783521E-09   7.72211882E-08   1.07839898E-08   3.22742940E-09   1.13338340E-09
 1.00000000E+02  -1.11994484E-08  -4.89472522E-09   7.30091756E-08   1.04742325E-08   4.12808731E-09   1.48618331E-09
 1.00000000E+02  -1.06274682E-08  -4.77249728E-09   6.89506599E-08   1.01595172E-08   5.08830109E-09   1.84721740E-09
 1.00000000E+02  -1.01435740E-08  -4.63468588E-09   6.49895586E-08   9.83551433E-09   6.09748292E-09   2.19603552E-09
 1.00000000E+02  -9.38479421E-09  -4.43411424E-09   6.13043782E-08   9.52838899E-09   6.79365660E-09   2.48484293E-09
 1.00000000E+02  -8.58509090E-09  -4.21204925E-09   5.81074048E-08   9.23118003E-09   7.35150078E-09   2.72790886E-09
 1.00000000E+02  -7.83595175E-09  -3.98000390E-09   5.49647695E-08   8.95009147E-09   7.88822652E-09   2.96509943E-09
 1.00000000E+02  -7.20940830E-09  -3.76495665E-09   5.21147560E-08   8.67006639E-09   8.31093302E-09   3.15731114E-09
 1.00000000E+02  -6.52467364E-09  -3.52342932E-09   4.92378000E-08   8.38999619E-09   8.52962235E-09   3.30390040E-09
 1.00000000E+02  -5.92200618E-09  -3.28152017E-09   4.66572220E-08   8.12226180E-09   8.77093158E-09   3.42622928E-09
 1.00000000E+02  -5.06397923E-09  -3.02065049E-09   4.43431045E-08   7.87065340E-09   8.97838569E-09   3.52548862E-09
 1.00000000E+02  -4.32499932E-09  -2.78331766E-09   4.20972127E-08   7.62985859E-09   8.95489951E-09   3.57439570E-09
 1.00000000E+02  -3.49070832E-09  -2.52816699E-09   4.01007642E-08   7.39851473E-09   8.91970803E-09   3.60966415E-09
 1.00000000E+02  -3.03257708E-09  -2.34131916E-09   3.82516862E-08   7.20821974E-09   8.81147518E-09   3.61945772E-09
 1.00000000E+02  -2.44197456E-09  -2.11622338E-09   3.63632945E-08   6.99084008E-09   8.67597652E-09   3.61922523E-09
 1.00000000E+02  -2.01863707E-09  -1.94109547E-09   3.47294676E-08   6.80667135E-09   8.43500366E-09   3.58515816E-09
 1.00000000E+02  -1.54971460E-09  -1.76070818E-09   3.32193672E-08   6.63541669E-09   8.24573692E-09   3.56796849E-09
 1.00000000E+02  -1.15181577E-09  -1.60007428E-09   3.18102578E-08   6.47442567E-09   8.07024053E-09   3.54007746E-09
 1.00000000E+02  -8.31782243E-10  -1.44938246E-09   3.04413257E-08   6.32687996E-09   7.83143640E-09   3.49032444E-09
 1.00000000E+02  -5.36316033E-10  -1.31567393E-09   2.92497408E-08   6.19236979E-09   7.62065863E-09   3.44930500E-09
 1.00000000E+02  -2.21693666E-10  -1.18226899E-09   2.80402443E-08   6.04826038E-09   7.35765484E-09   3.39041116E-09
 1.00000000E+02  -1.76413611E-11  -1.07642989E-09   2.69820424E-08   5.93423989E-09   7.08874817E-09   3.32971551E-09
 1.00000000E+02   2.30292800E-10  -9.58351260E-10   2.59155909E-08   5.81043047E-09   6.89069072E-09   3.27809211E-09
 1.00000000E+02   3.93896034E-10  -8.58802493E-10   2.49327728E-08   5.69742567E-09   6.67074930E-09   3.23033197E-09
 1.00000000E+02   5.48042144E-10  -7.66130041E-10   2.40250643E-08   5.59015867E-09   6.46352104E-09   3.17732929E-09
 1.00000000E+02   7.69327622E-10  -6.62749876E-10   2.31266579E-08   5.47869836E-09   6.21863522E-09   3.11383679E-09
 1.00000000E+02   8.79829740E-10  -5.91876253E-10   2.23126047E-08   5.38572844E-09   5.98630544E-09   3.05386653E-09
 1.00000000E+02   1.03485242E-09  -5.06894196E-10   2.14161053E-08   5.26729663E-09   5.77939155E-09   3.00248925E-09
 1.00000000E+02   1.14590754E-09  -4.34919580E-10   2.06665811E-08   5.17623085E-09   5.53306760E-09   2.93669544E-09
 1.00000000E+02   1.21307943E-09  -3.76801892E-10   1.99896430E-08   5.09162667E-09   5.31220807E-09   2.87867840E-09
 1.00000000E+02   1.30954989E-09  -3.13578735E-10   1.93440521E-08   5.01294173E-09   5.09746501E-09   2.81848077E-09
 1.00000000E+02   1.39872906E-09  -2.49834168E-10   1.87258162E-08   4.93487639E-09   4.88929645E-09   2.75581739E-09
 1.00000000E+02   1.48059018E-09  -1.93158917E-10   1.81647936E-08   4.86582381E-09   4.68399039E-09   2.69715507E-09
 1.00000000E+02   1.54632850E-09  -1.41146110E-10   1.75803863E-08   4.79213823E-09   4.46930306E-09   2.63608196E-09
 1.00000000E+02   1.59760911E-09  -9.38257825E-11   1.70149132E-08   4.71886235E-09   4.28407787E-09   2.57917891E-09
 1.00000000E+02   1.61341140E-09  -5.25279635E-11   1.64604570E-08   4.64377650E-09   4.09852734E-09   2.52265611E-09
 1.00000000E+02   1.64242487E-09  -9.47793953E-12   1.59341320E-08   4.57435760E-09   3.92222999E-09   2.46503379E-09
 1.00000000E+02   1.68718534E-09   3.42875056E-11   1.54282427E-08   4.50383247E-09   3.73975871E-09   2.40873277E-09
 1.00000000E+02   1.69693162E-09   6.37990597E-11   1.49825547E-08   4.44348069E-09   3.59748669E-09   2.36044596E-09
 1.00000000E+02   1.72749304E-09   1.02982128E-10   1.45386793E-08   4.37948459E-09   3.45141025E-09   2.30916060E-09
 1.00000000E+02   1.74163120E-09   1.31861243E-10   1.41340628E-08   4.32094820E-09   3.30194397E-09   2.25846308E-09
