 1.00000000E+00   4.98956161E-05   3.27278679E-09  -1.00019304E-06   5.53716879E-11  -4.08613482E-06  -1.13230167E-10
 1.00000000E+01   4.98947091E-05   3.20336911E-08  -1.00030928E-06   4.65126704E-10  -4.08613459E-06  -1.12954681E-09
 1.00000000E+02   4.98682890E-05   2.99470541E-07  -1.00257799E-06   1.66235537E-09  -4.08608811E-06  -1.13043711E-08
 1.00000000E+00   3.21125188E-05   2.89197022E-09  -6.87551262E-07   6.27245742E-11  -8.89742075E-07  -4.78104484E-11
 1.00000000E+01   3.21116115E-05   2.82483467E-08  -6.87668560E-07   5.28348726E-10  -8.89741733E-07  -4.79964019E-10
 1.00000000E+02   3.20853275E-05   2.61550035E-07  -6.89987821E-07   2.26552137E-09  -8.89702370E-07  -4.80012616E-09
 1.00000000E+00   2.19026059E-05   2.62265959E-09  -4.38680307E-07   5.45370240E-11  -2.55218893E-07  -5.08028142E-11
 1.00000000E+01   2.19016978E-05   2.55523103E-08  -4.38798927E-07   4.42782032E-10  -2.55218195E-07  -5.06408915E-10
 1.00000000E+02   2.18755310E-05   2.34514342E-07  -4.41174843E-07   1.37033899E-09  -2.55159080E-07  -5.05742081E-09
 1.00000000E+00   1.63880358E-05   2.42305686E-09  -7.73083468E-07   3.86214178E-11  -5.17499677E-07  -3.96226519E-11
 1.00000000E+01   1.63871272E-05   2.35678107E-08  -7.73203703E-07   2.83516914E-10  -5.17499483E-07  -3.96075753E-10
 1.00000000E+02   1.63610797E-05   2.14609824E-07  -7.75641333E-07  -2.70884075E-10  -5.17463731E-07  -3.96746124E-09
 1.00000000E+00   1.21761269E-05   2.20747049E-09  -5.42992218E-07   3.96377861E-11  -1.68926745E-07  -2.44470405E-11
 1.00000000E+01   1.21752178E-05   2.13996671E-08  -5.43113968E-07   2.88210990E-10  -1.68926391E-07  -2.45244650E-10
 1.00000000E+02   1.21493291E-05   1.92847334E-07  -5.45618555E-07  -2.66302233E-10  -1.68891486E-07  -2.45140107E-09
 1.00000000E+00   9.76141760E-06   2.05808217E-09  -5.69503236E-07   3.64276659E-11  -1.29126264E-07  -2.71585198E-11
 1.00000000E+01   9.76050815E-06   1.99057660E-08  -5.69626763E-07   2.63371558E-10  -1.29125606E-07  -2.71824045E-10
 1.00000000E+02   9.73474686E-06   1.77847243E-07  -5.72204041E-07  -5.67153129E-10  -1.29074245E-07  -2.71074192E-09
 1.00000000E+00   7.48228432E-06   1.91582962E-09  -1.42055279E-07   6.60973367E-11  -1.24273711E-08  -1.41695835E-11
 1.00000000E+01   7.48137285E-06   1.84816715E-08  -1.42180047E-07   5.59386973E-10  -1.24268080E-08  -1.39265409E-10
 1.00000000E+02   7.45567844E-06   1.63497153E-07  -1.44844423E-07   2.36852413E-09  -1.23909596E-08  -1.38214560E-09
 1.00000000E+00   6.02270334E-06   1.79292933E-09   6.95365465E-08   8.82250183E-11  -1.09236989E-07  -1.87812480E-11
 1.00000000E+01   6.02179133E-06   1.72506496E-08   6.94100031E-08   7.80831162E-10  -1.09236633E-07  -1.87352121E-10
 1.00000000E+02   5.99622137E-06   1.51123486E-07   6.66402876E-08   4.54289181E-09  -1.09201045E-07  -1.87241889E-09
 1.00000000E+00   5.04213125E-06   1.70531824E-09   1.08485149E-07   9.40906981E-11  -2.95052298E-08  -1.49957715E-11
 1.00000000E+01   5.04121760E-06   1.63703323E-08   1.08356694E-07   8.36496648E-10  -2.95045664E-08  -1.49629518E-10
 1.00000000E+02   5.01570091E-06   1.42232045E-07   1.05494274E-07   5.04966939E-09  -2.94590506E-08  -1.48518977E-09
 1.00000000E+00   4.13373789E-06   1.60289456E-09   9.99583333E-08   9.84704848E-11  -6.15635910E-08  -1.66499901E-11
 1.00000000E+01   4.13282281E-06   1.53451486E-08   9.98280711E-08   8.80858427E-10  -6.15630538E-08  -1.66131383E-10
 1.00000000E+02   4.10741157E-06   1.31889348E-07   9.68756579E-08   5.44700436E-09  -6.15178109E-08  -1.65651990E-09
 1.00000000E+00   3.48032525E-06   1.53666285E-09  -2.84879083E-09   9.34538837E-11  -2.63687078E-08  -1.19553730E-11
 1.00000000E+01   3.47940782E-06   1.46810303E-08  -2.98109796E-09   8.29866625E-10  -2.63680720E-08  -1.18903700E-10
 1.00000000E+02   3.45401829E-06   1.25144033E-07  -6.02003035E-09   4.87792553E-09  -2.63262371E-08  -1.17913080E-09
 1.00000000E+00   2.93723644E-06   1.46702757E-09  -3.77973395E-08   8.48137467E-11  -5.07318564E-08  -1.60790438E-11
 1.00000000E+01   2.93631778E-06   1.39814009E-08  -3.79302651E-08   7.43679246E-10  -5.07311816E-08  -1.60952083E-10
 1.00000000E+02   2.91100926E-06   1.18066479E-07  -4.09972103E-08   3.99479754E-09  -5.06803268E-08  -1.60106070E-09
 1.00000000E+00   2.51407468E-06   1.40313370E-09  -3.94621122E-08   8.85941667E-11  -2.26049480E-08  -8.44630357E-12
 1.00000000E+01   2.51315630E-06   1.33407766E-08  -3.95957989E-08   7.79207228E-10  -2.26042202E-08  -8.40055023E-11
 1.00000000E+02   2.48797697E-06   1.11621920E-07  -4.27171861E-08   4.33269978E-09  -2.25641797E-08  -8.26620325E-10
 1.00000000E+00   2.19689067E-06   1.35486084E-09   5.73203391E-09   9.35397549E-11  -2.19179040E-08  -1.11650934E-11
 1.00000000E+01   2.19597259E-06   1.28569154E-08   5.59819774E-09   8.30090926E-10  -2.19167392E-08  -1.11316654E-10
 1.00000000E+02   2.17089902E-06   1.06753998E-07   2.43677903E-09   4.84066805E-09  -2.18556404E-08  -1.08979687E-09
 1.00000000E+00   1.95767234E-06   1.31376307E-09   1.65627342E-08   9.37156736E-11  -3.05449105E-08  -9.27665132E-12
 1.00000000E+01   1.95675463E-06   1.24458271E-08   1.64280012E-08   8.31899893E-10  -3.05442453E-08  -9.28965628E-11
 1.00000000E+02   1.93177230E-06   1.02617528E-07   1.32103588E-08   4.83419850E-09  -3.05048356E-08  -9.19317761E-10
 1.00000000E+00   1.72534080E-06   1.26365549E-09   4.33835000E-08   1.10791103E-10  -2.05560369E-08  -1.08472152E-11
 1.00000000E+01   1.72442470E-06   1.19448298E-08   4.32459618E-08   1.00130053E-09  -2.05544437E-08  -1.07562400E-10
 1.00000000E+02   1.69959592E-06   9.76074925E-08   3.98685653E-08   6.46109184E-09  -2.04808843E-08  -1.04254205E-09
 1.00000000E+00   1.50456582E-06   1.22771722E-09   6.87270313E-09   1.06352228E-10  -1.00655396E-09  -7.69509677E-12
 1.00000000E+01   1.50364897E-06   1.15847756E-08   6.73463733E-09   9.56550769E-10  -1.00484126E-09  -7.58262557E-11
 1.00000000E+02   1.47885218E-06   9.39499997E-08   3.31438967E-09   5.99227199E-09  -9.30049803E-10  -7.17592544E-10
 1.00000000E+00   1.35121098E-06   1.20380246E-09   1.75208288E-08   1.08010732E-10  -1.10496800E-09  -6.49626939E-12
 1.00000000E+01   1.35029385E-06   1.13447422E-08   1.73836188E-08   9.74455463E-10  -1.10291640E-09  -6.38999104E-11
 1.00000000E+02   1.32552081E-06   9.15142844E-08   1.39606305E-08   6.19555578E-09  -1.02340900E-09  -5.89501771E-10
 1.00000000E+00   1.22971377E-06   1.16758201E-09  -7.71758833E-09   1.03905081E-10  -6.38939904E-09  -7.62311187E-12
 1.00000000E+01   1.22880246E-06   1.09859730E-08  -7.85488360E-09   9.33514679E-10  -6.38704494E-09  -7.47014650E-11
 1.00000000E+02   1.20427379E-06   8.80444476E-08  -1.13079605E-08   5.77941027E-09  -6.29799534E-09  -6.90945647E-10
 1.00000000E+00   1.10405678E-06   1.13964781E-09   1.42730476E-09   1.00056754E-10  -8.07485319E-09  -7.97407959E-12
 1.00000000E+01   1.10314786E-06   1.07083246E-08   1.29271918E-09   8.97211185E-10  -8.07245005E-09  -7.81922974E-11
 1.00000000E+02   1.07872552E-06   8.52950477E-08  -2.09896671E-09   5.48854454E-09  -7.98159701E-09  -7.25135593E-10
 1.00000000E+00   9.94048617E-07   1.10937370E-09   6.46019845E-09   1.05791906E-10  -8.71715803E-09  -9.08978385E-12
 1.00000000E+01   9.93144438E-07   1.04087604E-08   6.32597749E-09   9.55421875E-10  -8.71401475E-09  -8.89489591E-11
 1.00000000E+02   9.68898140E-07   8.23853780E-08   2.88917867E-09   6.08405891E-09  -8.59754897E-09  -8.13779334E-10
 1.00000000E+00   8.95513722E-07   1.07666547E-09  -4.63494185E-09   1.04246912E-10  -6.62649501E-09  -7.57937799E-12
 1.00000000E+01   8.94617935E-07   1.00871471E-08  -4.76717007E-09   9.42460753E-10  -6.62328856E-09  -7.37633137E-11
 1.00000000E+02   8.70659000E-07   7.93435941E-08  -8.18906510E-09   6.00156886E-09  -6.50959616E-09  -6.59463212E-10
 1.00000000E+00   8.09011586E-07   1.03398169E-09   5.53662267E-09   1.09942719E-10  -6.53133739E-09  -9.17339308E-12
 1.00000000E+01   8.08133108E-07   9.67182061E-09   5.40482973E-09   1.00013034E-09  -6.52648918E-09  -8.85079656E-11
 1.00000000E+02   7.84739155E-07   7.55918372E-08   1.94215415E-09   6.59394083E-09  -6.36292718E-09  -7.65218096E-10
 1.00000000E+00   7.32476992E-07   9.85045539E-10  -3.34810480E-09   1.05512961E-10  -6.81114396E-09  -1.11688459E-11
 1.00000000E+01   7.31622358E-07   9.19893260E-09  -3.47638965E-09   9.58830751E-10  -6.80484509E-09  -1.07486996E-10
 1.00000000E+02   7.08988310E-07   7.14309051E-08  -6.88047578E-09   6.26525301E-09  -6.59147252E-09  -9.17935296E-10
 1.00000000E+00   6.54777736E-07   9.32388559E-10   5.61193307E-09   1.08832575E-10  -2.70947184E-09  -7.14557543E-12
 1.00000000E+01   6.53953172E-07   8.69377778E-09   5.48467610E-09   9.93344580E-10  -2.70464493E-09  -6.81384870E-11
 1.00000000E+02   6.32242848E-07   6.70993095E-08   2.06238584E-09   6.64143322E-09  -2.54757177E-09  -5.59583251E-10
 1.00000000E+00   5.88341133E-07   8.64494897E-10   8.32957618E-09   1.10625242E-10  -7.00710305E-09  -1.68628709E-11
 1.00000000E+01   5.87559878E-07   8.04493520E-09   8.20357074E-09   1.01297648E-09  -6.99655402E-09  -1.61675781E-10
 1.00000000E+02   5.67186406E-07   6.16668330E-08   4.77241261E-09   6.87100961E-09  -6.64575743E-09  -1.35144166E-09
 1.00000000E+00   5.20672091E-07   7.84899847E-10   7.33999422E-09   1.11175853E-10  -6.22342609E-09  -1.26573242E-11
 1.00000000E+01   5.19944034E-07   7.28636760E-09   7.21781076E-09   1.02217095E-09  -6.21444050E-09  -1.20361023E-10
 1.00000000E+02   5.01207658E-07   5.53840034E-08   3.82266340E-09   7.05224707E-09  -5.92655615E-09  -9.78394306E-10
 1.00000000E+00   4.55591765E-07   7.03357813E-10   5.49877644E-09   1.01948851E-10  -6.24984051E-09  -1.37151824E-11
 1.00000000E+01   4.54919554E-07   6.50980763E-09   5.38627485E-09   9.37062266E-10  -6.24078562E-09  -1.31141922E-10
 1.00000000E+02   4.37908994E-07   4.89896595E-08   2.23604172E-09   6.44028092E-09  -5.94063522E-09  -1.08355828E-09
 1.00000000E+00   3.94987011E-07   6.17683829E-10   7.17304131E-09   9.72417137E-11  -9.58870949E-09  -1.82774915E-11
 1.00000000E+01   3.94374628E-07   5.69450442E-09   7.06746154E-09   8.95661144E-10  -9.57620713E-09  -1.74337582E-10
 1.00000000E+02   3.79223343E-07   4.23113951E-08   4.07122359E-09   6.19667809E-09  -9.16807681E-09  -1.43020442E-09
 1.00000000E+00   3.34127990E-07   5.29801625E-10   4.06439388E-09   8.91865758E-11  -6.60395373E-09  -1.45382691E-11
 1.00000000E+01   3.33576096E-07   4.85745225E-09   3.96815043E-09   8.22581140E-10  -6.59484943E-09  -1.39525781E-10
 1.00000000E+02   3.20346098E-07   3.54361147E-08   1.18909312E-09   5.69228202E-09  -6.27635046E-09  -1.16413471E-09
 1.00000000E+00   2.82532453E-07   4.53656174E-10   1.19493800E-08   9.33705998E-11  -7.67183363E-09  -1.61648740E-11
 1.00000000E+01   2.82028453E-07   4.12719015E-09   1.18537522E-08   8.65360926E-10  -7.66180302E-09  -1.55339330E-10
 1.00000000E+02   2.70439751E-07   2.93319266E-08   9.04816828E-09   6.13964670E-09  -7.29993700E-09  -1.29672863E-09
 1.00000000E+00   2.46478783E-07   4.01130545E-10   1.42712908E-08   9.09997957E-11  -4.90910976E-09  -9.60000694E-12
 1.00000000E+01   2.46003200E-07   3.61851053E-09   1.41799298E-08   8.45078163E-10  -4.90428898E-09  -9.34738901E-11
 1.00000000E+02   2.35538144E-07   2.49786431E-08   1.14718261E-08   6.04428669E-09  -4.69746023E-09  -8.06784326E-10
 1.00000000E+00   2.22256949E-07   3.71216357E-10   1.11340054E-08   7.84782792E-11  -3.88574464E-09  -1.06312531E-11
 1.00000000E+01   2.21793708E-07   3.32448042E-09   1.10526432E-08   7.26812056E-10  -3.88100202E-09  -1.04235526E-10
 1.00000000E+02   2.11953192E-07   2.23729143E-08   8.65711604E-09   5.11407311E-09  -3.64725394E-09  -9.10709683E-10
 1.00000000E+00   1.95360289E-07   3.34599074E-10   7.56771848E-09   7.11449892E-11  -1.83402131E-09  -5.23904499E-12
 1.00000000E+01   1.94910578E-07   2.96261976E-09   7.49380547E-09   6.59020414E-10  -1.83203320E-09  -5.19015852E-11
 1.00000000E+02   1.85857065E-07   1.91386496E-08   5.29281691E-09   4.61563482E-09  -1.70569842E-09  -4.58966257E-10
 1.00000000E+00   1.68558035E-07   2.98348402E-10   1.02485270E-08   7.17279085E-11  -1.56253517E-09  -4.91067273E-12
 1.00000000E+01   1.68111444E-07   2.59345927E-09   1.01769883E-08   6.67619316E-10  -1.56135509E-09  -4.93189016E-11
 1.00000000E+02   1.59806072E-07   1.56132983E-08   7.96928085E-09   4.74647887E-09  -1.44871779E-09  -4.51776557E-10
 1.00000000E+00   1.47250714E-07   2.78098476E-10   1.07447537E-08   7.29595645E-11  -1.51740600E-09  -3.97630717E-12
 1.00000000E+01   1.46795279E-07   2.37595396E-09   1.06752201E-08   6.82733069E-10  -1.51740406E-09  -4.10519666E-11
 1.00000000E+02   1.38861936E-07   1.33052833E-08   8.43361988E-09   4.92634078E-09  -1.42417390E-09  -3.95782391E-10
 1.00000000E+00   1.32507183E-07   2.69963838E-10   7.08852038E-09   6.49225812E-11  -1.85626501E-09  -5.28631911E-12
 1.00000000E+01   1.32033795E-07   2.27322174E-09   7.01902303E-09   5.99999426E-10  -1.85684703E-09  -5.51328534E-11
 1.00000000E+02   1.24192531E-07   1.19185588E-08   4.95302675E-09   4.12161300E-09  -1.73774152E-09  -5.43955558E-10
 1.00000000E+00   1.20246864E-07   2.61384138E-10   7.13246137E-09   6.81048388E-11  -1.11249229E-09  -4.35311453E-12
 1.00000000E+01   1.19752567E-07   2.16260589E-09   7.06172293E-09   6.31785203E-10  -1.11247988E-09  -4.48529130E-11
 1.00000000E+02   1.12004558E-07   1.03954580E-08   4.89932457E-09   4.39094393E-09  -1.01372725E-09  -4.32395906E-10
 1.00000000E+00   1.08855364E-07   2.60417821E-10   5.31452391E-09   6.29664689E-11  -1.16405379E-09  -2.85555908E-12
 1.00000000E+01   1.08334720E-07   2.12447375E-09   5.24395453E-09   5.79246902E-10  -1.16587338E-09  -3.13805807E-11
 1.00000000E+02   1.00519058E-07   9.46163148E-09   3.18254234E-09   3.87725035E-09  -1.10812612E-09  -3.41541280E-10
 1.00000000E+00   1.02009683E-07   2.63867850E-10   4.01662982E-09   6.00121327E-11  -6.77686030E-10  -1.42461373E-12
 1.00000000E+01   1.01469023E-07   2.13856739E-09   3.94747352E-09   5.50781868E-10  -6.78843639E-10  -1.59580763E-11
 1.00000000E+02   9.35025316E-08   9.16588710E-09   1.92691246E-09   3.61784092E-09  -6.44766902E-10  -1.77960201E-10
 1.00000000E+00   9.55750592E-08   2.67715595E-10   3.16844731E-09   5.63587288E-11  -8.65676545E-10  -1.48165131E-12
 1.00000000E+01   9.50123719E-08   2.15454560E-09   3.10253213E-09   5.16946382E-10  -8.67987646E-10  -1.78197627E-11
 1.00000000E+02   8.68876364E-08   8.85070911E-09   1.15515148E-09   3.34848595E-09  -8.37225444E-10  -2.20150969E-10
 1.00000000E+00   8.96856246E-08   2.74357077E-10   2.31707705E-09   5.29788549E-11  -5.05765801E-10  -1.59084925E-12
 1.00000000E+01   8.91020305E-08   2.20070353E-09   2.25390438E-09   4.85385263E-10  -5.06787438E-10  -1.75225107E-11
 1.00000000E+02   8.07478933E-08   8.84544268E-09   3.64657113E-10   3.08909673E-09  -4.73851025E-10  -1.90845553E-10
 1.00000000E+00   8.57713132E-08   2.79710122E-10   1.34089634E-09   5.01505584E-11  -2.67628418E-10  -1.66667567E-12
 1.00000000E+01   8.51747391E-08   2.24206284E-09   1.27967233E-09   4.58605693E-10  -2.68159731E-10  -1.77947838E-11
 1.00000000E+02   7.66403234E-08   8.96089485E-09  -5.54405977E-10   2.86194018E-09  -2.30943823E-10  -1.82053509E-10
 1.00000000E+00   8.20190184E-08   2.82955179E-10   3.49848111E-10   4.63072891E-11  -3.69816046E-10  -1.85256931E-12
 1.00000000E+01   8.14121649E-08   2.26445411E-09   2.89600410E-10   4.20284447E-10  -3.70328137E-10  -1.97049058E-11
 1.00000000E+02   7.27688396E-08   8.95499173E-09  -1.47186950E-09   2.50280383E-09  -3.28233727E-10  -2.00077228E-10
 1.00000000E+00   7.82645450E-08   2.85953864E-10  -1.21691782E-09   4.60625379E-11  -4.47841914E-10  -4.90087086E-14
 1.00000000E+01   7.76486766E-08   2.28555197E-09  -1.27917221E-09   4.15972460E-10  -4.48719957E-10  -1.42279491E-12
 1.00000000E+02   6.89098626E-08   8.96649128E-09  -3.06413780E-09   2.40529179E-09  -4.53346788E-10  -3.33735369E-11
 1.00000000E+00   7.49385971E-08   2.87488332E-10  -2.10754372E-09   4.48210348E-11  -1.61627462E-10  -6.87728816E-13
 1.00000000E+01   7.43160133E-08   2.29394502E-09  -2.17062728E-09   4.02669764E-10  -1.61811135E-10  -7.30863086E-12
 1.00000000E+02   6.55226351E-08   8.90461850E-09  -3.95295940E-09   2.24594592E-09  -1.44180126E-10  -7.42418180E-11
 1.00000000E+00   7.18465706E-08   2.89734844E-10  -3.16405907E-09   4.29741770E-11  -1.71187193E-10  -1.22185712E-12
 1.00000000E+01   7.12184561E-08   2.31104046E-09  -3.22831086E-09   3.82591474E-10  -1.71068700E-10  -1.25375858E-11
 1.00000000E+02   6.23567255E-08   8.95114180E-09  -4.98771125E-09   2.01771053E-09  -1.41714764E-10  -1.17070285E-10
 1.00000000E+00   6.89428642E-08   2.91017679E-10  -3.85151124E-09   4.13343755E-11  -1.07253020E-10  -1.17434442E-12
 1.00000000E+01   6.83107085E-08   2.31975740E-09  -3.91670894E-09   3.64845426E-10  -1.07018458E-10  -1.19355507E-11
 1.00000000E+02   5.94061285E-08   8.94954659E-09  -5.65234968E-09   1.81750249E-09  -7.65244402E-11  -1.08444918E-10
 1.00000000E+00   6.68189710E-08   2.91804751E-10  -4.21299401E-09   4.00062520E-11  -2.67519095E-10  -1.16600591E-12
 1.00000000E+01   6.61841851E-08   2.32485460E-09  -4.27877121E-09   3.50625729E-10  -2.67511212E-10  -1.21367415E-11
 1.00000000E+02   5.72564509E-08   8.94308911E-09  -5.98923040E-09   1.66260333E-09  -2.34994699E-10  -1.14842047E-10
 1.00000000E+00   6.46052519E-08   2.93080589E-10  -4.84675154E-09   3.93442364E-11  -1.55184593E-10  -6.32699299E-13
 1.00000000E+01   6.39678829E-08   2.33493174E-09  -4.91371591E-09   3.42680950E-10  -1.55175302E-10  -6.57445613E-12
 1.00000000E+02   5.50119123E-08   8.98783519E-09  -6.62251674E-09   1.55404428E-09  -1.37696355E-10  -6.24401207E-11
 1.00000000E+00   6.21789012E-08   2.93874784E-10  -5.28269958E-09   3.80391923E-11  -1.89081359E-10  -1.09312558E-12
 1.00000000E+01   6.15393320E-08   2.34048362E-09  -5.35077407E-09   3.28075758E-10  -1.88798902E-10  -1.10918646E-11
 1.00000000E+02   5.25662856E-08   8.99703835E-09  -7.03528228E-09   1.38460927E-09  -1.57882202E-10  -9.90239234E-11
 1.00000000E+00   6.01084173E-08   2.94479653E-10  -5.72852260E-09   3.84139667E-11  -1.12499310E-10  -2.60817684E-13
 1.00000000E+01   5.94672712E-08   2.34479786E-09  -5.79827172E-09   3.30261008E-10  -1.12582619E-10  -2.83217831E-12
 1.00000000E+02   5.04801815E-08   9.00634248E-09  -7.50021208E-09   1.36423354E-09  -1.03099220E-10  -2.85105978E-11
 1.00000000E+00   5.76807899E-08   2.94494041E-10  -5.90114164E-09   3.79677669E-11  -1.90899155E-10  -5.92500447E-13
 1.00000000E+01   5.70383896E-08   2.34324237E-09  -5.97196068E-09   3.24476490E-10  -1.90764026E-10  -6.03070601E-12
 1.00000000E+02   4.80541224E-08   8.96816101E-09  -7.66263582E-09   1.28347970E-09  -1.74191634E-10  -5.44861285E-11
 1.00000000E+00   5.56784677E-08   2.94853945E-10  -5.91356520E-09   3.73020770E-11  -1.12496067E-10  -7.04717287E-13
 1.00000000E+01   5.50348196E-08   2.34528067E-09  -5.98512913E-09   3.16804751E-10  -1.12304133E-10  -7.14035828E-12
 1.00000000E+02   4.60515498E-08   8.96407993E-09  -7.66124517E-09   1.19176121E-09  -9.14102512E-11  -6.36013814E-11
 1.00000000E+00   5.36689834E-08   2.95225504E-10  -6.27913600E-09   3.59226098E-11  -2.28000140E-10  -8.83475294E-13
 1.00000000E+01   5.30247739E-08   2.34816103E-09  -6.35153175E-09   3.01501009E-10  -2.27702880E-10  -8.90322650E-12
 1.00000000E+02   4.40411245E-08   8.98424093E-09  -7.99028599E-09   1.02660333E-09  -2.02814639E-10  -7.79151675E-11
 1.00000000E+00   5.20482412E-08   2.96005905E-10  -6.59966561E-09   3.50688399E-11  -9.99436254E-11  -6.30815226E-13
 1.00000000E+01   5.14032872E-08   2.35511432E-09  -6.67274100E-09   2.91827875E-10  -9.96210391E-11  -6.24748174E-12
 1.00000000E+02   4.24120990E-08   9.03859703E-09  -8.28758207E-09   9.19020350E-10  -8.09147468E-11  -5.17929682E-11
 1.00000000E+00   5.03659397E-08   2.95097010E-10  -6.76600858E-09   3.35115479E-11  -9.36558794E-11  -6.11085129E-13
 1.00000000E+01   4.97211148E-08   2.34544911E-09  -6.83941580E-09   2.75196033E-10  -9.34480550E-11  -6.17689510E-12
 1.00000000E+02   4.07665431E-08   8.95424064E-09  -8.40874439E-09   7.53569863E-10  -7.35052116E-11  -5.37923189E-11
 1.00000000E+00   4.84953582E-08   2.93608590E-10  -6.90130235E-09   3.31345988E-11  -8.25697831E-11  -8.25634604E-13
 1.00000000E+01   4.78509233E-08   2.32998458E-09  -6.97560907E-09   2.70183723E-10  -8.21417846E-11  -8.15688347E-12
 1.00000000E+02   3.89498191E-08   8.82057471E-09  -8.52650070E-09   6.87765071E-10  -5.82417848E-11  -6.78493404E-11
 1.00000000E+00   4.66946159E-08   2.92469686E-10  -7.03629526E-09   3.25436210E-11  -9.81659367E-11  -6.89728342E-13
 1.00000000E+01   4.60506979E-08   2.31825161E-09  -7.11146808E-09   2.62970416E-10  -9.78165683E-11  -6.83702702E-12
 1.00000000E+02   3.71965168E-08   8.72651913E-09  -8.64230109E-09   6.01528771E-10  -7.60697980E-11  -5.69224594E-11
 1.00000000E+00   4.49922790E-08   2.91040256E-10  -7.02270196E-09   3.17643989E-11  -7.00554481E-11  -8.50262962E-13
 1.00000000E+01   4.43491413E-08   2.30378472E-09  -7.09843615E-09   2.54125727E-10  -6.94982674E-11  -8.27991542E-12
 1.00000000E+02   3.55518890E-08   8.61222536E-09  -8.60233588E-09   5.07076528E-10  -4.49734974E-11  -6.60556529E-11
 1.00000000E+00   4.34269887E-08   2.89485915E-10  -6.69395498E-09   3.12485231E-11  -1.11543156E-10  -8.72187181E-13
 1.00000000E+01   4.27848233E-08   2.28823867E-09  -6.77035063E-09   2.47986739E-10  -1.11032788E-10  -8.58024631E-12
 1.00000000E+02   3.40477163E-08   8.49190877E-09  -8.25528713E-09   4.35605408E-10  -8.34358054E-11  -6.97445923E-11
 1.00000000E+00   4.22182959E-08   2.88194316E-10  -6.63174791E-09   3.13900594E-11  -4.41616930E-11  -7.33291070E-13
 1.00000000E+01   4.15766706E-08   2.27503505E-09  -6.70914016E-09   2.48288881E-10  -4.37143009E-11  -7.18411926E-12
 1.00000000E+02   3.28869246E-08   8.38311691E-09  -8.19444246E-09   4.18007074E-10  -2.15963267E-11  -5.80981320E-11
 1.00000000E+00   4.09397891E-08   2.86322852E-10  -6.36125849E-09   3.10952384E-11  -9.29120716E-12  -3.76801734E-13
 1.00000000E+01   4.02992166E-08   2.25626678E-09  -6.43936398E-09   2.44350919E-10  -9.10140789E-12  -3.77189896E-12
 1.00000000E+02   3.16778535E-08   8.23389657E-09  -7.90975211E-09   3.67016289E-10   5.25217701E-12  -3.09698966E-11
 1.00000000E+00   3.96320042E-08   2.84663465E-10  -6.40546240E-09   3.06609066E-11  -1.34154895E-10  -7.79368429E-13
 1.00000000E+01   3.89923335E-08   2.23956785E-09  -6.48418798E-09   2.38971441E-10  -1.33687608E-10  -7.70001464E-12
 1.00000000E+02   3.04293029E-08   8.10143855E-09  -7.93367664E-09   3.06393453E-10  -1.08523410E-10  -6.16271610E-11
 1.00000000E+00   3.84524081E-08   2.82641787E-10  -6.42781148E-09   3.06115468E-11  -1.32373008E-10  -6.92564458E-13
 1.00000000E+01   3.78140672E-08   2.21953908E-09  -6.50729570E-09   2.37418539E-10  -1.31902092E-10  -6.78414552E-12
 1.00000000E+02   2.93241072E-08   7.94659710E-09  -7.94607650E-09   2.78540979E-10  -1.08797719E-10  -5.29177613E-11
 1.00000000E+00   3.71683851E-08   2.80557592E-10  -6.38181234E-09   3.03086841E-11  -1.45534995E-10  -4.47532522E-13
 1.00000000E+01   3.65314189E-08   2.19886354E-09  -6.46176325E-09   2.33582228E-10  -1.45274898E-10  -4.43755156E-12
 1.00000000E+02   2.81166615E-08   7.78803830E-09  -7.88197435E-09   2.35525963E-10  -1.30158982E-10  -3.56769581E-11
 1.00000000E+00   3.58467826E-08   2.78465955E-10  -6.09851039E-09   3.02806753E-11  -6.91894099E-11  -4.28479265E-13
 1.00000000E+01   3.52112939E-08   2.17818793E-09  -6.17922981E-09   2.32269661E-10  -6.88660018E-11  -4.16417222E-12
 1.00000000E+02   2.68739928E-08   7.63213705E-09  -7.58964927E-09   2.10133990E-10  -5.47245759E-11  -3.16922857E-11
 1.00000000E+00   3.47615932E-08   2.76198667E-10  -5.96124073E-09   3.03158291E-11  -9.19686887E-11  -6.78242458E-13
 1.00000000E+01   3.41278656E-08   2.15602702E-09  -6.04247101E-09   2.31805292E-10  -9.14601719E-11  -6.60098855E-12
 1.00000000E+02   2.58714958E-08   7.46842506E-09  -7.44059724E-09   2.00359557E-10  -6.93440961E-11  -4.99667019E-11
 1.00000000E+00   3.35591222E-08   2.73940908E-10  -5.61653067E-09   3.06133744E-11  -6.31087196E-11  -7.60303521E-13
 1.00000000E+01   3.29272099E-08   2.13387329E-09  -5.69841562E-09   2.34027711E-10  -6.25275968E-11  -7.39037981E-12
 1.00000000E+02   2.47580579E-08   7.30896290E-09  -7.09732837E-09   2.11277458E-10  -3.78932164E-11  -5.54634230E-11
 1.00000000E+00   3.23493146E-08   2.71060524E-10  -5.38327642E-09   3.07616609E-11  -8.29293752E-11  -1.20289031E-12
 1.00000000E+01   3.17197116E-08   2.10573116E-09  -5.46556246E-09   2.34858810E-10  -8.20291491E-11  -1.16615960E-11
 1.00000000E+02   2.36576069E-08   7.10391980E-09  -6.85667812E-09   2.16646521E-10  -4.52724718E-11  -8.89053146E-11
 1.00000000E+00   3.12397907E-08   2.68705267E-10  -5.19695030E-09   3.07055729E-11  -9.63840613E-11  -6.35637628E-13
 1.00000000E+01   3.06122376E-08   2.08280527E-09  -5.27947354E-09   2.33687392E-10  -9.58794573E-11  -6.17915970E-12
 1.00000000E+02   2.26399373E-08   6.94288650E-09  -6.65367539E-09   2.07731618E-10  -7.42193178E-11  -4.56889888E-11
 1.00000000E+00   3.01909637E-08   2.65650577E-10  -4.88634558E-09   3.08120272E-11  -6.67928192E-11  -8.50652410E-13
 1.00000000E+01   2.95659964E-08   2.05307770E-09  -4.96928840E-09   2.34079914E-10  -6.61500538E-11  -8.29482152E-12
 1.00000000E+02   2.17069642E-08   6.73130567E-09  -6.33453669E-09   2.08575524E-10  -3.76364212E-11  -6.22232625E-11
 1.00000000E+00   2.92070759E-08   2.62060551E-10  -4.65581066E-09   3.13475701E-11  -8.55088060E-11  -1.04164991E-12
 1.00000000E+01   2.85850968E-08   2.01807530E-09  -4.73950762E-09   2.38555232E-10  -8.46779233E-11  -1.01216783E-11
 1.00000000E+02   2.08575676E-08   6.48070719E-09  -6.10547455E-09   2.41114199E-10  -4.91852246E-11  -7.46178149E-11
